Baugh, Sammy	2995	1693	21886	187	203
Bradshaw, Terry	3901	2025	27989	212	210
Elway, John	7250	4123	51475	300	226
Fouts, Dan	5604	3297	43040	254	242
Graham, Otto	2626	1464	23585	174	135
Jurgensen, Sonny	4262	2433	32224	255	189
Luckman, Sid	1744	904	14686	137	132
Marino, Dan	8358	4967	61361	420	252
Montana, Joe	5391	3409	40551	273	139
Starr, Bart	3149	1808	24718	152	138
Staubach, Roger	2958	1685	22700	153	109
Tarkenton, Fran	6467	3686	47003	342	266
Unitas, Johnny	5186	2830	40239	290	253
Young, Steve	4149	2667	33124	232	107